start=58.068644
volume=40.000000
fullscreen=yes
