start=475.174700
volume=70.000000
