start=151.015644
volume=60.000000
fullscreen=yes
