start=0.877189
volume=30.000000
fullscreen=yes
