start=2.160000
volume=60.000000
fullscreen=yes
