start=193.484956
volume=25.000000
fullscreen=yes
