start=1295.627667
volume=85.000000
