start=1833.998833
volume=115.000000
