start=64.135481
volume=100.000000
