start=219.993333
speed=1.771561
pause=yes
volume=60.000000
fullscreen=yes
