start=47.770000
volume=106.000000
fullscreen=yes
