start=1215.066667
volume=100.000000
fullscreen=yes
