start=6684.105000
volume=60.000000
fullscreen=yes
