start=1512.469000
volume=30.000000
fullscreen=yes
