start=43.013333
speed=2.357948
fullscreen=yes
