start=219.135589
volume=60.000000
