start=6437.514417
volume=46.000000
fullscreen=yes
