start=118.284833
volume=65.000000
