start=362.487000
volume=70.000000
fullscreen=yes
