start=10.718856
volume=65.000000
fullscreen=yes
