start=258.745400
volume=95.000000
fullscreen=yes
