start=2069.239037
volume=55.000000
