start=23.023000
volume=50.000000
fullscreen=yes
