start=1615.466667
speed=1.464100
volume=90.000000
fullscreen=yes
