start=197.664133
volume=75.000000
