start=127.335332
volume=30.000000
