start=531.266667
volume=100.000000
fullscreen=yes
