start=48.266667
volume=125.000000
fullscreen=yes
