start=79.829756
volume=25.000000
fullscreen=yes
