start=79.676237
volume=30.000000
