start=9.216967
volume=55.000000
fullscreen=yes
