start=61.180228
volume=50.000000
