start=3.095289
volume=35.000000
fullscreen=yes
