start=136.493750
volume=30.000000
