start=70.695622
volume=50.000000
fullscreen=yes
