start=7.257000
pause=yes
volume=100.000000
