start=2067.920000
volume=50.000000
fullscreen=yes
