start=81.160000
volume=55.000000
