start=5180.708333
volume=75.000000
fullscreen=yes
