start=1292.249000
volume=90.000000
fullscreen=yes
aid=2
sid=2
