start=84.567292
volume=100.000000
fullscreen=yes
