start=120.353272
volume=55.000000
fullscreen=yes
