start=101.166667
volume=30.000000
fullscreen=yes
