start=105.105105
volume=25.000000
fullscreen=yes
