start=6878.121250
volume=82.000000
fullscreen=yes
