start=134.169324
volume=85.000000
fullscreen=yes
