start=90.033333
speed=1.464100
pause=yes
volume=50.000000
