start=1020.228000
volume=83.000000
fullscreen=yes
