start=108.608500
volume=24.000000
