start=756.533000
volume=54.000000
