start=3037.598000
pause=yes
volume=130.000000
