start=37.026978
volume=50.000000
fullscreen=yes
