start=3457.809000
volume=130.000000
