start=170.600000
volume=65.000000
fullscreen=yes
