start=57.855463
volume=85.000000
