start=152.418933
volume=30.000000
