start=2.562300
volume=65.000000
fullscreen=yes
