start=518.966667
volume=100.000000
