start=4030.633333
speed=1.464100
