start=1413.078000
volume=55.000000
fullscreen=yes
sid=2
sub-delay=0.000000
video-aspect-override=2.350000
