start=1663.000000
speed=1.464100
pause=yes
volume=100.000000
