start=149.983167
volume=30.000000
fullscreen=yes
