start=1341.694521
volume=55.000000
fullscreen=yes
sid=1
sub-scale=0.600000
video-aspect-override=2.350000
