start=499.416000
volume=45.000000
fullscreen=yes
