start=66.156562
volume=100.000000
fullscreen=yes
