start=118.733333
volume=70.000000
