start=37.463967
volume=75.000000
fullscreen=yes
