start=181.023182
volume=45.000000
fullscreen=yes
