start=24.024000
volume=68.000000
fullscreen=yes
