start=2.529922
volume=25.000000
fullscreen=yes
