start=98.470198
volume=45.000000
fullscreen=yes
