start=23.878788
volume=65.000000
fullscreen=yes
