start=583.082000
volume=90.000000
fullscreen=yes
