start=0.231000
volume=79.000000
fullscreen=yes
