start=122.800000
volume=25.000000
fullscreen=yes
