start=0.213811
volume=100.000000
fullscreen=yes
