start=2.300844
volume=55.000000
fullscreen=yes
