start=78.812067
volume=35.000000
