start=1418.208000
volume=65.000000
fullscreen=yes
aid=2
