start=36.169467
volume=44.000000
fullscreen=yes
