start=20.735911
volume=40.000000
fullscreen=yes
