start=1.989889
volume=40.000000
fullscreen=yes
