start=27.758000
pause=yes
volume=130.000000
