start=130.620550
volume=100.000000
