start=1199.907000
volume=50.000000
fullscreen=yes
aid=2
