start=35.000000
speed=1.771561
pause=yes
volume=101.000000
fullscreen=yes
