start=0.000000
volume=20.000000
