start=1229.665937
volume=90.000000
fullscreen=yes
sub-scale=0.600000
video-aspect-override=2.350000
