start=144.811333
volume=25.000000
