start=18.540289
volume=45.000000
fullscreen=yes
