start=352.640000
volume=65.000000
fullscreen=yes
