start=88.824015
volume=55.000000
fullscreen=yes
