start=573.539438
volume=55.000000
