start=7.665622
volume=20.000000
fullscreen=yes
