start=6.796444
volume=50.000000
fullscreen=yes
