start=2888.759800
speed=1.610510
volume=91.000000
fullscreen=yes
