start=39.539500
volume=100.000000
fullscreen=yes
