start=93.360000
volume=40.000000
fullscreen=yes
