start=5603.812000
volume=45.000000
fullscreen=yes
aid=1
vid=1
