start=3950.196000
volume=94.000000
fullscreen=yes
