start=49.632917
volume=35.000000
fullscreen=yes
