start=63.945656
volume=105.000000
fullscreen=yes
