start=18.024122
volume=30.000000
fullscreen=yes
