start=891.791667
volume=65.000000
fullscreen=yes
