start=729.646000
pause=yes
volume=90.000000
