start=352.352000
volume=30.000000
fullscreen=yes
