start=384.413333
speed=1.948717
volume=100.000000
fullscreen=yes
