start=148.109944
volume=30.000000
fullscreen=yes
