start=222.833333
speed=2.357948
volume=100.000000
