start=58.896761
volume=55.000000
fullscreen=yes
