start=6036.280000
volume=55.000000
fullscreen=yes
sid=1
