start=1156.306667
speed=2.143589
volume=65.000000
fullscreen=yes
