start=48.631922
volume=40.000000
fullscreen=yes
