start=146.872837
volume=35.000000
fullscreen=yes
