start=2956.411792
volume=56.000000
fullscreen=yes
