start=2.413000
volume=30.000000
fullscreen=yes
