start=6.003033
volume=45.000000
fullscreen=yes
