start=125.280000
volume=100.000000
fullscreen=yes
