start=2.168333
volume=45.000000
fullscreen=yes
