start=89.172136
volume=60.000000
fullscreen=yes
