start=1342.700000
sid=1
sub-scale=0.600000
video-aspect-override=2.350000
