start=20.753333
speed=2.143589
fullscreen=yes
