start=256.823233
volume=35.000000
fullscreen=yes
