start=3684.452000
volume=100.000000
fullscreen=yes
