start=215.600000
speed=1.210000
pause=yes
volume=100.000000
