start=1106.250000
volume=100.000000
fullscreen=yes
