start=106.480000
volume=85.000000
fullscreen=yes
