start=268.633333
speed=1.464100
volume=110.000000
