start=35.896552
volume=55.000000
fullscreen=yes
