start=66.689580
volume=70.000000
