start=69.600000
volume=76.000000
