start=287.412000
volume=100.000000
fullscreen=yes
aid=2
sid=1
