start=1.066667
volume=50.000000
