start=18.560000
volume=56.000000
