start=63.845844
volume=15.000000
fullscreen=yes
