start=92.433146
volume=60.000000
