start=335.733333
speed=2.853117
