start=112.038000
volume=95.000000
fullscreen=yes
