start=108.305003
volume=63.000000
fullscreen=yes
