start=210.543667
volume=75.000000
