start=21.854891
volume=65.000000
