start=3.133333
speed=1.948717
fullscreen=yes
