start=23.656967
volume=60.000000
fullscreen=yes
