start=251.334422
volume=100.000000
fullscreen=yes
