start=123.125000
volume=100.000000
fullscreen=yes
