start=10.926822
volume=50.000000
fullscreen=yes
