start=1346.511833
volume=40.000000
fullscreen=yes
