start=0.000000
volume=95.000000
fullscreen=yes
