start=214.797922
volume=60.000000
aid=1
