start=4.004000
volume=40.000000
