start=1393.322415
volume=100.000000
fullscreen=yes
vid=1
sid=1
sub-ass-override=no
video-aspect-override=2.350000
