start=135.468667
volume=40.000000
fullscreen=yes
