start=102.582267
volume=90.000000
fullscreen=yes
