start=13.765217
volume=40.000000
