start=899.481917
volume=45.000000
fullscreen=yes
