start=400.400000
volume=92.000000
border=no
