start=515.633333
speed=1.610510
volume=105.000000
