start=1550.674122
volume=45.000000
fullscreen=yes
