start=41.541500
volume=47.000000
fullscreen=yes
