start=257.000000
volume=25.000000
fullscreen=yes
