start=365.512927
volume=100.000000
fullscreen=yes
