start=75.033289
volume=60.000000
fullscreen=yes
