start=85.936583
volume=55.000000
