start=469.516000
volume=85.000000
fullscreen=yes
