start=49.007289
volume=80.000000
