start=46.400000
volume=70.000000
fullscreen=yes
