start=67.275544
volume=25.000000
fullscreen=yes
