start=1144.766667
volume=100.000000
sid=no
