start=417.250000
volume=100.000000
fullscreen=yes
