start=50.000000
volume=100.000000
fullscreen=yes
