start=787.955000
volume=55.000000
fullscreen=yes
