start=127.012407
volume=85.000000
fullscreen=yes
