start=0.375000
volume=45.000000
fullscreen=yes
