start=365.073042
volume=25.000000
fullscreen=yes
