start=10100.019300
volume=92.000000
fullscreen=yes
