start=254.087167
volume=71.000000
fullscreen=yes
