start=71.905167
volume=36.000000
