start=149.883067
volume=60.000000
fullscreen=yes
