start=173.153333
speed=1.948717
pause=yes
volume=70.000000
