start=489.947792
volume=54.000000
fullscreen=yes
