start=364.489000
volume=75.000000
fullscreen=yes
