start=45.009228
volume=100.000000
fullscreen=yes
