start=56.800000
volume=53.000000
fullscreen=yes
