start=22.466378
volume=50.000000
fullscreen=yes
