start=1314.104000
volume=55.000000
fullscreen=yes
sub-delay=-1.200000
video-aspect-override=2.350000
