start=14.126592
volume=59.000000
fullscreen=yes
