start=24.902519
volume=67.000000
fullscreen=yes
