start=104.559028
volume=50.000000
