start=70.617150
volume=70.000000
