start=680.596583
volume=45.000000
