start=156.399527
volume=55.000000
