start=7.900000
volume=84.000000
fullscreen=yes
