start=102.894458
volume=60.000000
