start=17.050367
volume=45.000000
fullscreen=yes
