start=72.263467
volume=54.000000
fullscreen=yes
