start=53.720333
volume=25.000000
fullscreen=yes
