start=38.031960
volume=45.000000
