start=151.480000
volume=35.000000
