start=107.476689
volume=35.000000
