start=5.366667
volume=50.000000
fullscreen=yes
