start=802.001200
speed=1.210000
ab-loop-a=509.900000
