start=4.066667
volume=100.000000
fullscreen=yes
