start=40.400000
volume=79.000000
fullscreen=yes
