start=5709.572000
volume=65.000000
fullscreen=yes
