start=3.560000
ab-loop-a=0.520000
ab-loop-b=7.720000
