start=58.206955
volume=30.000000
