start=92.244690
volume=100.000000
fullscreen=yes
