start=1319.735083
pause=yes
volume=96.000000
