start=196.696511
volume=35.000000
fullscreen=yes
