start=0.250000
volume=25.000000
fullscreen=yes
