start=22.971878
volume=130.000000
fullscreen=yes
