start=41.756095
volume=76.000000
fullscreen=yes
