start=73.280000
volume=70.000000
