start=10.284656
volume=75.000000
fullscreen=yes
