start=16.166667
volume=50.000000
