start=196.070878
speed=0.751315
volume=84.000000
