start=70.159324
volume=50.000000
