start=139.367572
volume=75.000000
fullscreen=yes
