start=127.900000
volume=100.000000
fullscreen=yes
