start=85.685600
volume=78.000000
fullscreen=yes
