start=112.533333
volume=45.000000
