start=257.298708
volume=90.000000
fullscreen=yes
