start=55.033333
volume=102.000000
