start=145.820976
volume=75.000000
