start=3517.881033
volume=78.000000
