start=126.178689
volume=51.000000
