start=742.180000
volume=61.000000
fullscreen=yes
