start=79.593539
volume=84.000000
