start=50.216833
volume=55.000000
