start=1342.800000
volume=60.000000
fullscreen=yes
sub-delay=-0.700000
video-aspect-override=2.350000
