start=29.633333
volume=100.000000
