start=167.580000
speed=1.610510
fullscreen=yes
