start=82.215467
volume=65.000000
fullscreen=yes
