start=38.705000
volume=100.000000
fullscreen=yes
