start=189.483333
volume=50.000000
fullscreen=yes
