start=197.427189
volume=48.000000
fullscreen=yes
