start=13.213200
volume=36.000000
