start=4811.849000
volume=130.000000
fullscreen=yes
