start=1552.842958
volume=100.000000
fullscreen=yes
