start=57.217000
volume=50.000000
fullscreen=yes
