start=12795.150000
volume=86.000000
aid=1
