start=67.526902
volume=28.000000
