start=311.673333
speed=2.143589
fullscreen=yes
