start=92.150000
volume=50.000000
fullscreen=yes
