start=194.493322
volume=30.000000
fullscreen=yes
