start=153.920000
pause=yes
volume=100.000000
