start=1439.980000
fullscreen=yes
sid=2
video-aspect-override=2.350000
