start=52.352300
volume=65.000000
fullscreen=yes
