start=90.568906
volume=45.000000
fullscreen=yes
