start=178.992622
volume=100.000000
