start=12.726741
volume=40.000000
fullscreen=yes
