start=91.091000
volume=80.000000
fullscreen=yes
