start=86.432933
volume=79.000000
fullscreen=yes
