start=7.633333
volume=80.000000
fullscreen=yes
