start=62.145422
volume=40.000000
fullscreen=yes
