start=68.309571
volume=60.000000
fullscreen=yes
