start=937.566667
volume=90.000000
fullscreen=yes
