start=109.142367
volume=34.000000
