start=571.905000
volume=115.000000
fullscreen=yes
aid=2
