start=44.460221
volume=100.000000
fullscreen=yes
