start=709.775733
volume=40.000000
fullscreen=yes
