start=296.357789
volume=60.000000
fullscreen=yes
