start=22.321000
volume=45.000000
fullscreen=yes
