start=21.440000
volume=66.000000
fullscreen=yes
