start=2223.888333
volume=100.000000
fullscreen=yes
aid=1
