start=43.195128
volume=49.000000
