start=3.266667
volume=30.000000
fullscreen=yes
