start=107.833333
volume=100.000000
fullscreen=yes
