start=14.466667
volume=75.000000
fullscreen=yes
