start=187.120267
volume=40.000000
fullscreen=yes
