start=1636.100000
volume=115.000000
fullscreen=yes
