start=10148.055000
volume=81.000000
fullscreen=yes
