start=410.043000
volume=40.000000
fullscreen=yes
