start=40.520000
volume=60.000000
fullscreen=yes
