start=40.758584
volume=58.000000
fullscreen=yes
