start=70.195122
volume=15.000000
fullscreen=yes
