start=1372.246000
volume=90.000000
fullscreen=yes
sub-delay=-0.500000
sub-ass-override=no
video-aspect-override=2.350000
