start=191.124000
volume=100.000000
