start=600.606633
volume=66.000000
fullscreen=yes
