start=9916.866667
volume=105.000000
fullscreen=yes
