start=205.540763
volume=78.000000
