start=83.865099
volume=70.000000
