start=1309.099000
volume=65.000000
fullscreen=yes
sub-delay=-0.800000
video-aspect-override=2.350000
