start=75.033292
volume=76.000000
