start=99.180049
volume=45.000000
fullscreen=yes
