start=1617.282000
volume=100.000000
fullscreen=yes
