start=1338.921000
volume=70.000000
fullscreen=yes
video-aspect-override=2.350000
