start=90.215122
pause=yes
volume=90.000000
