start=471.266667
speed=1.610510
volume=100.000000
