start=112.070289
volume=25.000000
fullscreen=yes
