start=3224.409000
volume=130.000000
