start=104.722977
volume=100.000000
fullscreen=yes
