start=4859.833333
volume=35.000000
