start=161.975000
volume=58.000000
fullscreen=yes
