start=689.100000
volume=55.000000
fullscreen=yes
