start=245.787211
volume=40.000000
fullscreen=yes
panscan=0.100000
sid=no
