start=4.920000
volume=60.000000
fullscreen=yes
