start=54.375000
volume=60.000000
fullscreen=yes
