start=262.669392
volume=30.000000
fullscreen=yes
