start=68.114572
volume=60.000000
fullscreen=yes
