start=217.050000
volume=75.000000
