start=44.920000
volume=40.000000
fullscreen=yes
