start=191.800000
volume=70.000000
