start=28.733333
volume=60.000000
fullscreen=yes
