start=15.256611
volume=40.000000
fullscreen=yes
