start=11.375000
volume=70.000000
fullscreen=yes
