start=100.791532
volume=100.000000
fullscreen=yes
