start=1366.490000
volume=100.000000
fullscreen=yes
video-aspect-override=2.350000
