start=260.635378
volume=50.000000
fullscreen=yes
