start=29.360000
speed=1.610510
fullscreen=yes
