start=26.985000
volume=101.000000
fullscreen=yes
