start=1362.944917
volume=100.000000
fullscreen=yes
sid=1
sub-scale=0.600000
video-aspect-override=2.350000
