start=7.633333
volume=46.000000
