start=107.357256
volume=25.000000
fullscreen=yes
