start=2.686244
volume=60.000000
fullscreen=yes
