start=792.375000
volume=130.000000
fullscreen=yes
aid=2
