start=414.164000
volume=100.000000
fullscreen=yes
