start=71.538133
volume=40.000000
