start=77.400000
volume=100.000000
