start=3.766667
volume=100.000000
fullscreen=yes
