start=2446.652000
volume=100.000000
fullscreen=yes
