start=795.600000
speed=1.948717
volume=100.000000
