start=37.065204
volume=30.000000
