start=13.914200
volume=50.000000
fullscreen=yes
