start=360.960000
volume=100.000000
fullscreen=yes
