start=606.291639
volume=60.000000
