start=1035.284244
volume=60.000000
fullscreen=yes
