start=127.440000
volume=79.000000
fullscreen=yes
