start=118.384581
volume=90.000000
fullscreen=yes
