start=1446.695000
volume=65.000000
fullscreen=yes
sid=2
sub-scale=0.700000
video-aspect-override=2.350000
