start=1356.397000
volume=65.000000
fullscreen=yes
