start=799.433333
volume=100.000000
fullscreen=yes
