start=1163.871000
volume=20.000000
fullscreen=yes
