start=805.120000
volume=55.000000
fullscreen=yes
