start=178.178000
volume=100.000000
