start=1661.166667
volume=80.000000
fullscreen=yes
