start=50.960000
volume=30.000000
fullscreen=yes
