start=214.088878
volume=20.000000
fullscreen=yes
