start=2.713333
speed=2.593742
fullscreen=yes
