start=254.587667
volume=50.000000
fullscreen=yes
