start=397.688958
volume=52.000000
fullscreen=yes
