start=18.385033
volume=68.000000
fullscreen=yes
