start=130.412052
volume=40.000000
