start=1393.809000
volume=100.000000
fullscreen=yes
aid=1
video-aspect-override=2.350000
