start=1387.553000
fullscreen=yes
video-aspect-override=2.350000
