start=85.169407
volume=50.000000
fullscreen=yes
