start=180.800000
volume=60.000000
fullscreen=yes
