start=1055.740000
speed=1.771561
volume=85.000000
fullscreen=yes
