start=186.853333
volume=30.000000
fullscreen=yes
