start=558.703979
fullscreen=yes
video-aspect-override=2.350000
