start=1.636678
volume=75.000000
fullscreen=yes
