start=119.369256
volume=90.000000
fullscreen=yes
