start=178.144633
volume=90.000000
fullscreen=yes
