start=23.364000
volume=68.000000
fullscreen=yes
