start=5.240000
volume=60.000000
fullscreen=yes
