start=1.376378
volume=45.000000
