start=23.000322
volume=130.000000
fullscreen=yes
