start=2211.918000
volume=60.000000
fullscreen=yes
