start=235.501933
volume=90.000000
