start=4993.872000
volume=75.000000
fullscreen=yes
