start=0.703522
volume=45.000000
fullscreen=yes
