start=134.359539
volume=25.000000
