start=1.139456
volume=25.000000
fullscreen=yes
