start=84.250833
volume=65.000000
fullscreen=yes
