start=84.478274
volume=48.000000
fullscreen=yes
