start=1686.665000
volume=130.000000
