start=33.133100
volume=30.000000
