start=4387.300000
volume=82.000000
fullscreen=yes
