start=209.409200
volume=50.000000
fullscreen=yes
