start=46.751124
volume=35.000000
fullscreen=yes
