start=1175.320000
volume=50.000000
fullscreen=yes
