start=2344.900000
volume=90.000000
fullscreen=yes
