start=488.187700
volume=35.000000
fullscreen=yes
