start=6.972378
volume=35.000000
fullscreen=yes
