start=79.176393
volume=50.000000
fullscreen=yes
