start=108.777426
volume=40.000000
