start=99.165733
volume=50.000000
