start=13.013000
speed=1.331000
fullscreen=yes
