start=106.139367
volume=20.000000
