start=168.877044
volume=30.000000
fullscreen=yes
