start=2467.500000
volume=55.000000
fullscreen=yes
