start=2.489133
volume=75.000000
fullscreen=yes
