start=303.480000
volume=25.000000
fullscreen=yes
