start=41.299895
audio-delay=0.200000
