start=228.094533
volume=100.000000
fullscreen=yes
