start=346.054044
volume=40.000000
fullscreen=yes
