start=653.466667
speed=1.210000
pause=yes
volume=75.000000
fullscreen=yes
