start=5569.160000
volume=50.000000
fullscreen=yes
aid=1
sid=no
sub-delay=-0.000000
sub-pos=101
