start=181.848333
volume=78.000000
