start=56.264542
volume=75.000000
fullscreen=yes
