start=74.800000
volume=75.000000
fullscreen=yes
contrast=-1
