start=94.694600
volume=40.000000
fullscreen=yes
