start=415.493333
speed=1.771561
volume=100.000000
fullscreen=yes
