start=16.587122
volume=60.000000
fullscreen=yes
