start=67.657284
volume=60.000000
fullscreen=yes
