start=36.266667
volume=70.000000
