start=667.834000
volume=100.000000
fullscreen=yes
