start=58.811556
volume=79.000000
