start=295.545250
volume=51.000000
fullscreen=yes
