start=269.566667
speed=1.464100
pause=yes
volume=95.000000
fullscreen=yes
