start=110.848631
volume=70.000000
fullscreen=yes
