start=128.128000
volume=90.000000
