start=102.524145
volume=70.000000
fullscreen=yes
