start=385.280000
volume=55.000000
fullscreen=yes
