start=185.916667
volume=100.000000
fullscreen=yes
