start=43.125000
volume=20.000000
fullscreen=yes
