start=116.649867
volume=40.000000
fullscreen=yes
