start=168.877044
volume=40.000000
fullscreen=yes
