start=2.473356
volume=45.000000
fullscreen=yes
