start=583.066667
volume=90.000000
fullscreen=yes
