start=149.916433
volume=30.000000
