start=32.298933
volume=79.000000
fullscreen=yes
