start=143.988580
volume=100.000000
fullscreen=yes
