start=26.919187
volume=64.000000
