start=63.901122
volume=43.000000
fullscreen=yes
