start=41.458083
volume=20.000000
fullscreen=yes
