start=99.732967
volume=60.000000
fullscreen=yes
