start=5.222056
volume=86.000000
fullscreen=yes
