start=115.982533
volume=76.000000
