start=1.067733
volume=40.000000
