start=32.783740
volume=30.000000
