start=424.680000
volume=70.000000
