start=6.266667
volume=25.000000
fullscreen=yes
