start=179.166667
volume=25.000000
