start=3140.461000
volume=50.000000
fullscreen=yes
