start=255.672439
volume=60.000000
