start=187.487000
volume=80.000000
fullscreen=yes
