start=142.609133
volume=90.000000
