start=1515.216667
volume=80.000000
fullscreen=yes
