start=0.767433
volume=100.000000
fullscreen=yes
