start=6990.233250
volume=88.000000
fullscreen=yes
