start=345.912233
volume=45.000000
fullscreen=yes
