start=37.408380
volume=44.000000
fullscreen=yes
