start=2.681727
volume=97.000000
fullscreen=yes
