start=73.840433
volume=60.000000
