start=1355.813000
volume=50.000000
fullscreen=yes
video-aspect-override=2.350000
