start=77.856117
volume=70.000000
fullscreen=yes
