start=69.705261
volume=65.000000
