start=527.993333
speed=1.331000
volume=100.000000
fullscreen=yes
