start=4890.160000
volume=70.000000
fullscreen=yes
