start=416.300000
speed=2.143589
fullscreen=yes
