start=154.615211
volume=48.000000
fullscreen=yes
