start=423.873333
speed=2.143589
fullscreen=yes
