start=1343.508833
volume=75.000000
fullscreen=yes
sid=1
sub-scale=0.600000
video-aspect-override=2.350000
