start=1088.800000
volume=130.000000
fullscreen=yes
