start=348.974000
volume=55.000000
fullscreen=yes
