start=5369.252000
volume=58.000000
fullscreen=yes
