start=142.303000
volume=55.000000
fullscreen=yes
aid=1
sid=no
