start=1108.733000
volume=35.000000
fullscreen=yes
