start=197.633333
speed=2.143589
fullscreen=yes
