start=547.130000
volume=100.000000
fullscreen=yes
