start=0.041708
volume=70.000000
fullscreen=yes
