start=746.666667
volume=76.000000
