start=1356.355000
volume=60.000000
fullscreen=yes
video-aspect-override=2.350000
