start=263.800000
volume=30.000000
fullscreen=yes
