start=272.230000
volume=60.000000
fullscreen=yes
