start=102.415644
volume=40.000000
fullscreen=yes
