start=96.760000
volume=100.000000
fullscreen=yes
