start=158.033333
volume=36.000000
