start=133.800333
volume=45.000000
fullscreen=yes
