start=31.659052
volume=84.000000
