start=63.530215
volume=100.000000
fullscreen=yes
