start=92.273333
speed=2.357948
pause=yes
volume=90.000000
