start=24.391033
volume=50.000000
fullscreen=yes
