start=26.659967
volume=72.000000
