start=19.133333
volume=96.000000
