start=1.766667
speed=1.610510
volume=90.000000
sid=no
sub-visibility=no
