start=66.062085
volume=86.000000
