start=415.013333
speed=2.143589
volume=80.000000
fullscreen=yes
