start=164.073500
volume=60.000000
fullscreen=yes
