start=0.197104
volume=115.000000
fullscreen=yes
