start=899.500000
volume=100.000000
fullscreen=yes
