start=362.645413
volume=100.000000
fullscreen=yes
