start=1306.416667
volume=115.000000
fullscreen=yes
