start=114.747526
volume=65.000000
fullscreen=yes
