start=166.937365
volume=70.000000
fullscreen=yes
