start=122.175388
volume=79.000000
fullscreen=yes
