start=410.475211
volume=40.000000
fullscreen=yes
