start=133.578418
volume=81.000000
