start=428.433333
volume=95.000000
