start=142.410269
volume=75.000000
fullscreen=yes
