start=5.053333
speed=1.948717
fullscreen=yes
