start=2.700000
fullscreen=yes
ab-loop-a=2.566667
ab-loop-b=13.400000
