start=24.333333
speed=1.464100
pause=yes
volume=88.000000
contrast=-1
panscan=1.000000
