start=2880.501000
volume=60.000000
fullscreen=yes
