start=3086.375000
volume=100.000000
fullscreen=yes
sid=2
