start=267.880000
volume=40.000000
