start=9.850622
volume=30.000000
fullscreen=yes
