start=78.360000
volume=69.000000
