start=47.680967
volume=74.000000
