start=240.819642
volume=50.000000
fullscreen=yes
