start=488.913333
speed=2.143589
volume=75.000000
fullscreen=yes
