start=60.210156
volume=85.000000
fullscreen=yes
