start=1.171178
volume=65.000000
fullscreen=yes
