start=112.847865
volume=100.000000
