start=32.318773
volume=50.000000
