start=335.848000
volume=60.000000
fullscreen=yes
