start=3703.449750
volume=80.000000
