start=19.978300
volume=40.000000
