start=51.433333
volume=64.000000
