start=91.132711
volume=35.000000
fullscreen=yes
