start=3.176396
volume=73.000000
fullscreen=yes
