start=173.457521
volume=50.000000
