start=673.766667
volume=65.000000
fullscreen=yes
