start=2770.141000
volume=85.000000
fullscreen=yes
