start=0.442078
volume=65.000000
fullscreen=yes
