start=1590.549793
volume=50.000000
fullscreen=yes
