start=1315.689000
pause=yes
volume=70.000000
fullscreen=yes
sid=2
video-aspect-override=2.350000
