start=97.966667
volume=40.000000
fullscreen=yes
