start=4784.655000
volume=88.000000
fullscreen=yes
