start=133.314120
volume=50.000000
fullscreen=yes
