start=47.888793
volume=60.000000
fullscreen=yes
