start=242.951000
volume=40.000000
fullscreen=yes
