start=1368.951000
fullscreen=yes
video-aspect-override=2.350000
