start=3.625000
volume=79.000000
fullscreen=yes
