start=123.733333
pause=yes
volume=50.000000
