start=279.393333
speed=1.948717
volume=95.000000
fullscreen=yes
