start=10.153710
volume=75.000000
fullscreen=yes
