start=210.600000
volume=70.000000
fullscreen=yes
