start=4.632967
volume=65.000000
fullscreen=yes
