start=89.951110
volume=43.000000
