start=6.146111
volume=45.000000
fullscreen=yes
