start=191.566667
volume=85.000000
fullscreen=yes
