start=995.227567
volume=130.000000
fullscreen=yes
contrast=8
deinterlace=yes
