start=206.839967
volume=70.000000
fullscreen=yes
