start=23.873333
speed=1.610510
volume=85.000000
