start=77.043633
volume=90.000000
