start=51.161565
volume=40.000000
fullscreen=yes
