start=50.015373
volume=68.000000
fullscreen=yes
