start=0.785844
volume=100.000000
fullscreen=yes
