start=1356.021000
volume=30.000000
fullscreen=yes
