start=5.610667
volume=55.000000
fullscreen=yes
