start=83.453567
volume=45.000000
fullscreen=yes
