start=837.712000
volume=60.000000
fullscreen=yes
