start=50.550500
volume=50.000000
