start=1324.698000
fullscreen=yes
sub-scale=0.700000
video-aspect-override=2.350000
