start=17.450767
volume=50.000000
