start=7.996322
volume=40.000000
fullscreen=yes
