start=949.548600
speed=1.000000
volume=90.000000
