start=1803.957621
volume=85.000000
