start=105.810575
volume=35.000000
fullscreen=yes
