start=52.764392
volume=50.000000
fullscreen=yes
