start=22.520000
volume=68.000000
