start=11.261256
volume=45.000000
fullscreen=yes
